10,0.000001,0.000001,0.001042,0.002274
20,0.000001,0.000002,0.001042,0.002274
30,0.000002,0.000002,0.001042,0.002274
40,0.000003,0.000005,0.001042,0.002274
50,0.000008,0.000006,0.001042,0.002274
60,0.000006,0.000005,0.001042,0.002274
70,0.000015,0.000010,0.001042,0.002274
80,0.000011,0.000006,0.001042,0.002274
90,0.000013,0.000009,0.001042,0.002274
100,0.000017,0.000008,0.001042,0.002274
110,0.000020,0.000009,0.001042,0.002274
120,0.000036,0.000010,0.001042,0.002274
130,0.000037,0.000012,0.001042,0.002274
140,0.000050,0.000011,0.001042,0.002274
150,0.000042,0.000012,0.001042,0.002274
160,0.000045,0.000012,0.001042,0.002274
170,0.000052,0.000021,0.001042,0.002274
180,0.000058,0.000019,0.001042,0.002274
190,0.000065,0.000015,0.001042,0.002274
200,0.000074,0.000015,0.001042,0.002274
210,0.000079,0.000016,0.001042,0.002274
220,0.000094,0.000019,0.001042,0.002274
230,0.000087,0.000019,0.001042,0.002274
240,0.000097,0.000019,0.001042,0.002274
250,0.000113,0.000020,0.001042,0.002274
260,0.000108,0.000021,0.001042,0.002274
270,0.000138,0.000024,0.001042,0.002274
280,0.000123,0.000033,0.001042,0.002274
290,0.000154,0.000023,0.001042,0.002274
300,0.000139,0.000035,0.001042,0.002274
310,0.000170,0.000027,0.001042,0.002274
320,0.000166,0.000027,0.001042,0.002274
330,0.000191,0.000027,0.001042,0.002274
340,0.000193,0.000031,0.001042,0.002274
350,0.000206,0.000034,0.001042,0.002274
360,0.000263,0.000034,0.001042,0.002274
370,0.000229,0.000033,0.001042,0.002274
380,0.000224,0.000034,0.001042,0.002274
390,0.000256,0.000037,0.001042,0.002274
400,0.000303,0.000036,0.001042,0.002274
410,0.000266,0.000038,0.001042,0.002274
420,0.000285,0.000037,0.001042,0.002274
430,0.000289,0.000052,0.001042,0.002274
440,0.000333,0.000045,0.001042,0.002274
450,0.000338,0.000045,0.001042,0.002274
460,0.000362,0.000047,0.001042,0.002274
470,0.000367,0.000047,0.001042,0.002274
480,0.000410,0.000047,0.001042,0.002274
490,0.000395,0.000047,0.001042,0.002274
500,0.000415,0.000049,0.001042,0.002274
510,0.000440,0.000049,0.001042,0.002274
520,0.000501,0.000048,0.001042,0.002274
530,0.000475,0.000048,0.001042,0.002274
540,0.000449,0.000043,0.001042,0.002274
550,0.000463,0.000045,0.001042,0.002274
560,0.000595,0.000064,0.001042,0.002274
570,0.000763,0.000065,0.001042,0.002274
580,0.000773,0.000078,0.001042,0.002274
590,0.000638,0.000063,0.001042,0.002274
600,0.000574,0.000051,0.001042,0.002274
610,0.000620,0.000051,0.001042,0.002274
620,0.000685,0.000055,0.001042,0.002274
630,0.000925,0.000078,0.001042,0.002274
640,0.000920,0.000079,0.001042,0.002274
650,0.000701,0.000060,0.001042,0.002274
660,0.000965,0.000077,0.001042,0.002274
670,0.001032,0.000079,0.001042,0.002274
680,0.000702,0.000062,0.001042,0.002274
690,0.000968,0.000081,0.001042,0.002274
700,0.000928,0.000065,0.001042,0.002274
710,0.000821,0.000071,0.001042,0.002274
720,0.001182,0.000084,0.001042,0.002274
730,0.000910,0.000084,0.001042,0.002274
740,0.000909,0.000064,0.001042,0.002274
750,0.001051,0.000069,0.001042,0.002274
760,0.001250,0.000087,0.001042,0.002274
770,0.001280,0.000090,0.001042,0.002274
780,0.001488,0.000091,0.001042,0.002274
790,0.001495,0.000101,0.001042,0.002274
800,0.001503,0.000106,0.001042,0.002274
810,0.001518,0.000121,0.001042,0.002274
820,0.001307,0.000074,0.001042,0.002274
830,0.000976,0.000070,0.001042,0.002274
840,0.001000,0.000072,0.001042,0.002274
850,0.001019,0.000071,0.001042,0.002274
860,0.001049,0.000071,0.001042,0.002274
870,0.001167,0.000080,0.001042,0.002274
880,0.001137,0.000073,0.001042,0.002274
890,0.001245,0.000079,0.001042,0.002274
900,0.001261,0.000087,0.001042,0.002274
910,0.001904,0.000085,0.001042,0.002274
920,0.001518,0.000088,0.001042,0.002274
930,0.001496,0.000107,0.001042,0.002274
940,0.001576,0.000085,0.001042,0.002274
950,0.001400,0.000079,0.001042,0.002274
960,0.001488,0.000082,0.001042,0.002274
970,0.001461,0.000084,0.001042,0.002274
980,0.001356,0.000095,0.001042,0.002274
990,0.001964,0.000084,0.001042,0.002274
1000,0.001931,0.000124,0.001042,0.002274
1010,0.001856,0.000084,0.001042,0.002274
1020,0.001512,0.000086,0.001042,0.002274
1030,0.001974,0.000123,0.001042,0.002274
1040,0.002579,0.000134,0.001042,0.002274
1050,0.002779,0.000131,0.001042,0.002274
1060,0.002780,0.000143,0.001042,0.002274
1070,0.002559,0.000095,0.001042,0.002274
1080,0.002201,0.000102,0.001042,0.002274
1090,0.002514,0.000116,0.001042,0.002274
1100,0.002456,0.000137,0.001042,0.002274
1110,0.002696,0.000131,0.001042,0.002274
1120,0.002298,0.000140,0.001042,0.002274
1130,0.002871,0.000164,0.001042,0.002274
1140,0.002883,0.000140,0.001042,0.002274
1150,0.002748,0.000138,0.001042,0.002274
1160,0.002791,0.000138,0.001042,0.002274
1170,0.002530,0.000115,0.001042,0.002274
1180,0.001989,0.000104,0.001042,0.002274
1190,0.002223,0.000125,0.001042,0.002274
1200,0.002091,0.000106,0.001042,0.002274
1210,0.003290,0.000136,0.001042,0.002274
1220,0.002096,0.000113,0.001042,0.002274
1230,0.002232,0.000131,0.001042,0.002274
1240,0.002317,0.000115,0.001042,0.002274
1250,0.003123,0.000156,0.001042,0.002274
1260,0.002350,0.000113,0.001042,0.002274
1270,0.002335,0.000129,0.001042,0.002274
1280,0.002513,0.000115,0.001042,0.002274
1290,0.002277,0.000115,0.001042,0.002274
1300,0.002754,0.000118,0.001042,0.002274
1310,0.002477,0.000119,0.001042,0.002274
1320,0.002601,0.000122,0.001042,0.002274
1330,0.002407,0.000122,0.001042,0.002274
1340,0.002765,0.000137,0.001042,0.002274
1350,0.002650,0.000125,0.001042,0.002274
1360,0.002865,0.000132,0.001042,0.002274
1370,0.002762,0.000124,0.001042,0.002274
1380,0.002904,0.000126,0.001042,0.002274
1390,0.002903,0.000142,0.001042,0.002274
1400,0.003016,0.000141,0.001042,0.002274
1410,0.003042,0.000147,0.001042,0.002274
1420,0.003631,0.000141,0.001042,0.002274
1430,0.002986,0.000128,0.001042,0.002274
1440,0.002841,0.000133,0.001042,0.002274
1450,0.003232,0.000131,0.001042,0.002274
1460,0.003333,0.000157,0.001042,0.002274
1470,0.003127,0.000151,0.001042,0.002274
1480,0.003463,0.000167,0.001042,0.002274
1490,0.004752,0.000137,0.001042,0.002274
1500,0.003718,0.000164,0.001042,0.002274
1510,0.004240,0.000140,0.001042,0.002274
1520,0.005932,0.000190,0.001042,0.002274
1530,0.004574,0.000187,0.001042,0.002274
1540,0.006118,0.000193,0.001042,0.002274
1550,0.003965,0.000140,0.001042,0.002274
1560,0.003999,0.000154,0.001042,0.002274
1570,0.003680,0.000154,0.001042,0.002274
1580,0.004132,0.000178,0.001042,0.002274
1590,0.003712,0.000142,0.001042,0.002274
1600,0.003916,0.000165,0.001042,0.002274
1610,0.004710,0.000149,0.001042,0.002274
1620,0.003590,0.000146,0.001042,0.002274
1630,0.003955,0.000145,0.001042,0.002274
1640,0.003929,0.000148,0.001042,0.002274
1650,0.003788,0.000152,0.001042,0.002274
1660,0.004155,0.000149,0.001042,0.002274
1670,0.004727,0.000151,0.001042,0.002274
1680,0.004803,0.000205,0.001042,0.002274
1690,0.006749,0.000199,0.001042,0.002274
1700,0.006259,0.000153,0.001042,0.002274
1710,0.004246,0.000153,0.001042,0.002274
1720,0.004941,0.000205,0.001042,0.002274
1730,0.007081,0.000203,0.001042,0.002274
1740,0.006062,0.000156,0.001042,0.002274
1750,0.004550,0.000212,0.001042,0.002274
1760,0.007159,0.000249,0.001042,0.002274
1770,0.007136,0.000234,0.001042,0.002274
1780,0.007284,0.000205,0.001042,0.002274
1790,0.006047,0.000160,0.001042,0.002274
1800,0.004632,0.000157,0.001042,0.002274
1810,0.005438,0.000161,0.001042,0.002274
1820,0.005326,0.000159,0.001042,0.002274
1830,0.005118,0.000174,0.001042,0.002274
1840,0.004838,0.000165,0.001042,0.002274
1850,0.007126,0.000220,0.001042,0.002274
1860,0.005797,0.000165,0.001042,0.002274
1870,0.007158,0.000223,0.001042,0.002274
1880,0.008130,0.000242,0.001042,0.002274
1890,0.008269,0.000246,0.001042,0.002274
1900,0.008141,0.000222,0.001042,0.002274
1910,0.008605,0.000233,0.001042,0.002274
1920,0.006859,0.000221,0.001042,0.002274
1930,0.007952,0.000170,0.001042,0.002274
1940,0.006136,0.000171,0.001042,0.002274
1950,0.006202,0.000228,0.001042,0.002274
1960,0.008107,0.000173,0.001042,0.002274
1970,0.008465,0.000229,0.001042,0.002274
1980,0.008843,0.000248,0.001042,0.002274
1990,0.009038,0.000227,0.001042,0.002274
2000,0.007411,0.000239,0.001042,0.002274
2010,0.009279,0.000251,0.001042,0.002274
2020,0.009697,0.000213,0.001042,0.002274
2030,0.006044,0.000198,0.001042,0.002274
2040,0.007199,0.000231,0.001042,0.002274
2050,0.007143,0.000192,0.001042,0.002274
2060,0.007031,0.000184,0.001042,0.002274
2070,0.006337,0.000199,0.001042,0.002274
2080,0.006181,0.000202,0.001042,0.002274
2090,0.006648,0.000238,0.001042,0.002274
2100,0.006512,0.000208,0.001042,0.002274
2110,0.006258,0.000290,0.001042,0.002274
2120,0.007761,0.000201,0.001042,0.002274
2130,0.006600,0.000189,0.001042,0.002274
2140,0.008325,0.000223,0.001042,0.002274
2150,0.007160,0.000201,0.001042,0.002274
2160,0.007444,0.000285,0.001042,0.002274
2170,0.006655,0.000218,0.001042,0.002274
2180,0.007188,0.000194,0.001042,0.002274
2190,0.006689,0.000199,0.001042,0.002274
2200,0.007374,0.000295,0.001042,0.002274
2210,0.008220,0.000239,0.001042,0.002274
2220,0.007840,0.000223,0.001042,0.002274
2230,0.007993,0.000208,0.001042,0.002274
2240,0.007680,0.000227,0.001042,0.002274
2250,0.007842,0.000242,0.001042,0.002274
2260,0.008149,0.000225,0.001042,0.002274
2270,0.007479,0.000208,0.001042,0.002274
2280,0.008128,0.000301,0.001042,0.002274
2290,0.008477,0.000214,0.001042,0.002274
2300,0.007668,0.000230,0.001042,0.002274
2310,0.008197,0.000217,0.001042,0.002274
2320,0.009289,0.000333,0.001042,0.002274
2330,0.008203,0.000240,0.001042,0.002274
2340,0.008364,0.000218,0.001042,0.002274
2350,0.007795,0.000243,0.001042,0.002274
2360,0.008979,0.000245,0.001042,0.002274
2370,0.008685,0.000337,0.001042,0.002274
2380,0.009359,0.000222,0.001042,0.002274
2390,0.008462,0.000248,0.001042,0.002274
2400,0.008340,0.000257,0.001042,0.002274
2410,0.008643,0.000224,0.001042,0.002274
2420,0.008213,0.000261,0.001042,0.002274
2430,0.009619,0.000272,0.001042,0.002274
2440,0.009005,0.000417,0.001042,0.002274
2450,0.009406,0.000236,0.001042,0.002274
2460,0.008683,0.000253,0.001042,0.002274
2470,0.008551,0.000229,0.001042,0.002274
2480,0.010059,0.000252,0.001042,0.002274
2490,0.009468,0.000258,0.001042,0.002274
2500,0.009274,0.000240,0.001042,0.002274
2510,0.010084,0.000279,0.001042,0.002274
2520,0.009169,0.000242,0.001042,0.002274
2530,0.009429,0.000262,0.001042,0.002274
2540,0.009417,0.000267,0.001042,0.002274
2550,0.009691,0.000245,0.001042,0.002274
2560,0.012675,0.000306,0.001042,0.002274
2570,0.013983,0.000254,0.001042,0.002274
2580,0.013331,0.000297,0.001042,0.002274
2590,0.012445,0.000365,0.001042,0.002274
2600,0.010356,0.000244,0.001042,0.002274
2610,0.012226,0.000345,0.001042,0.002274
2620,0.010453,0.000256,0.001042,0.002274
2630,0.009961,0.000276,0.001042,0.002274
2640,0.011228,0.000277,0.001042,0.002274
2650,0.010900,0.000276,0.001042,0.002274
2660,0.010479,0.000306,0.001042,0.002274
2670,0.011537,0.000279,0.001042,0.002274
2680,0.010326,0.000263,0.001042,0.002274
2690,0.013009,0.000314,0.001042,0.002274
2700,0.010320,0.000256,0.001042,0.002274
2710,0.011727,0.000484,0.001042,0.002274
2720,0.011781,0.000283,0.001042,0.002274
2730,0.011323,0.000269,0.001042,0.002274
2740,0.011024,0.000267,0.001042,0.002274
2750,0.011719,0.000265,0.001042,0.002274
2760,0.011639,0.000283,0.001042,0.002274
2770,0.011600,0.000362,0.001042,0.002274
2780,0.011728,0.000266,0.001042,0.002274
2790,0.011855,0.000326,0.001042,0.002274
2800,0.012553,0.000285,0.001042,0.002274
2810,0.012287,0.000469,0.001042,0.002274
2820,0.011311,0.000310,0.001042,0.002274
2830,0.012071,0.000294,0.001042,0.002274
2840,0.012539,0.000272,0.001042,0.002274
2850,0.012696,0.000299,0.001042,0.002274
2860,0.012806,0.000308,0.001042,0.002274
2870,0.012742,0.000304,0.001042,0.002274
2880,0.013353,0.000515,0.001042,0.002274
2890,0.013898,0.000307,0.001042,0.002274
2900,0.012216,0.000357,0.001042,0.002274
2910,0.013612,0.000297,0.001042,0.002274
2920,0.012183,0.000288,0.001042,0.002274
2930,0.013311,0.000279,0.001042,0.002274
2940,0.012188,0.000279,0.001042,0.002274
2950,0.013702,0.000306,0.001042,0.002274
2960,0.013382,0.000288,0.001042,0.002274
2970,0.013905,0.000298,0.001042,0.002274
2980,0.014608,0.000331,0.001042,0.002274
2990,0.013673,0.000312,0.001042,0.002274
3000,0.014283,0.000328,0.001042,0.002274
3010,0.012920,0.000280,0.001042,0.002274
3020,0.013232,0.000292,0.001042,0.002274
3030,0.013308,0.000312,0.001042,0.002274
3040,0.015775,0.000338,0.001042,0.002274
3050,0.014105,0.000292,0.001042,0.002274
3060,0.013928,0.000283,0.001042,0.002274
3070,0.014816,0.000309,0.001042,0.002274
3080,0.016014,0.000322,0.001042,0.002274
3090,0.019932,0.000402,0.001042,0.002274
3100,0.015677,0.000321,0.001042,0.002274
3110,0.014456,0.000348,0.001042,0.002274
3120,0.014744,0.000468,0.001042,0.002274
3130,0.014627,0.000300,0.001042,0.002274
3140,0.014701,0.000330,0.001042,0.002274
3150,0.023478,0.000439,0.001042,0.002274
3160,0.016845,0.000544,0.001042,0.002274
3170,0.015985,0.000297,0.001042,0.002274
3180,0.015604,0.000364,0.001042,0.002274
3190,0.016086,0.000301,0.001042,0.002274
3200,0.014801,0.000334,0.001042,0.002274
3210,0.015406,0.000303,0.001042,0.002274
3220,0.015939,0.000349,0.001042,0.002274
3230,0.014654,0.000305,0.001042,0.002274
3240,0.015354,0.000303,0.001042,0.002274
3250,0.015855,0.000305,0.001042,0.002274
3260,0.015969,0.000341,0.001042,0.002274
3270,0.016854,0.000308,0.001042,0.002274
3280,0.016775,0.000315,0.001042,0.002274
3290,0.017180,0.000325,0.001042,0.002274
3300,0.017540,0.000339,0.001042,0.002274
3310,0.017825,0.000369,0.001042,0.002274
3320,0.018449,0.000322,0.001042,0.002274
3330,0.018592,0.000451,0.001042,0.002274
3340,0.025267,0.000465,0.001042,0.002274
3350,0.019803,0.000370,0.001042,0.002274
3360,0.018150,0.000353,0.001042,0.002274
3370,0.018258,0.000346,0.001042,0.002274
3380,0.018455,0.000404,0.001042,0.002274
3390,0.016633,0.000320,0.001042,0.002274
3400,0.018170,0.000349,0.001042,0.002274
3410,0.018689,0.000349,0.001042,0.002274
3420,0.019166,0.000350,0.001042,0.002274
3430,0.018872,0.000449,0.001042,0.002274
3440,0.018581,0.000422,0.001042,0.002274
3450,0.019330,0.000381,0.001042,0.002274
3460,0.019662,0.000343,0.001042,0.002274
3470,0.018135,0.000383,0.001042,0.002274
3480,0.018448,0.000484,0.001042,0.002274
3490,0.018242,0.000327,0.001042,0.002274
3500,0.018681,0.000355,0.001042,0.002274
3510,0.019884,0.000387,0.001042,0.002274
3520,0.019382,0.000378,0.001042,0.002274
3530,0.020047,0.000370,0.001042,0.002274
3540,0.025069,0.000360,0.001042,0.002274
3550,0.020134,0.000327,0.001042,0.002274
3560,0.021455,0.000360,0.001042,0.002274
3570,0.020014,0.000367,0.001042,0.002274
3580,0.020010,0.000337,0.001042,0.002274
3590,0.018880,0.000386,0.001042,0.002274
3600,0.021359,0.000371,0.001042,0.002274
3610,0.020485,0.000332,0.001042,0.002274
3620,0.018649,0.000329,0.001042,0.002274
3630,0.023058,0.000391,0.001042,0.002274
3640,0.020969,0.000333,0.001042,0.002274
3650,0.019684,0.000367,0.001042,0.002274
3660,0.019826,0.000446,0.001042,0.002274
3670,0.024411,0.000373,0.001042,0.002274
3680,0.020691,0.000356,0.001042,0.002274
3690,0.022144,0.000373,0.001042,0.002274
3700,0.021281,0.000391,0.001042,0.002274
3710,0.020953,0.000381,0.001042,0.002274
3720,0.021361,0.000399,0.001042,0.002274
3730,0.023157,0.000467,0.001042,0.002274
3740,0.021212,0.000530,0.001042,0.002274
3750,0.021089,0.000379,0.001042,0.002274
3760,0.021157,0.000392,0.001042,0.002274
3770,0.021155,0.000404,0.001042,0.002274
3780,0.022239,0.000408,0.001042,0.002274
3790,0.021264,0.000383,0.001042,0.002274
3800,0.021787,0.000394,0.001042,0.002274
3810,0.021105,0.000417,0.001042,0.002274
3820,0.022842,0.000381,0.001042,0.002274
3830,0.023246,0.000531,0.001042,0.002274
3840,0.023055,0.000368,0.001042,0.002274
3850,0.022578,0.000351,0.001042,0.002274
3860,0.024733,0.000388,0.001042,0.002274
3870,0.022255,0.000358,0.001042,0.002274
3880,0.022872,0.000359,0.001042,0.002274
3890,0.023328,0.000471,0.001042,0.002274
3900,0.022508,0.000355,0.001042,0.002274
3910,0.022038,0.000405,0.001042,0.002274
3920,0.022944,0.000363,0.001042,0.002274
3930,0.022726,0.000398,0.001042,0.002274
3940,0.023682,0.000361,0.001042,0.002274
3950,0.024950,0.000574,0.001042,0.002274
3960,0.023353,0.000406,0.001042,0.002274
3970,0.024522,0.000539,0.001042,0.002274
3980,0.024191,0.000365,0.001042,0.002274
3990,0.025122,0.000472,0.001042,0.002274
4000,0.023929,0.000381,0.001042,0.002274
4010,0.023695,0.000436,0.001042,0.002274
4020,0.025057,0.000435,0.001042,0.002274
4030,0.025277,0.000409,0.001042,0.002274
4040,0.024753,0.000369,0.001042,0.002274
4050,0.023643,0.000406,0.001042,0.002274
4060,0.027670,0.000437,0.001042,0.002274
4070,0.024559,0.000436,0.001042,0.002274
4080,0.024467,0.000408,0.001042,0.002274
4090,0.025518,0.000629,0.001042,0.002274
4100,0.026726,0.000369,0.001042,0.002274
4110,0.024634,0.000372,0.001042,0.002274
4120,0.025304,0.000377,0.001042,0.002274
4130,0.028095,0.000438,0.001042,0.002274
4140,0.028158,0.000419,0.001042,0.002274
4150,0.027054,0.000422,0.001042,0.002274
4160,0.027200,0.000381,0.001042,0.002274
4170,0.025453,0.000380,0.001042,0.002274
4180,0.026407,0.000383,0.001042,0.002274
4190,0.026585,0.001032,0.001042,0.002274
4200,0.028184,0.000428,0.001042,0.002274
4210,0.027568,0.000570,0.001042,0.002274
4220,0.028282,0.000399,0.001042,0.002274
4230,0.028987,0.000389,0.001042,0.002274
4240,0.025978,0.000392,0.001042,0.002274
4250,0.027042,0.000396,0.001042,0.002274
4260,0.029128,0.000424,0.001042,0.002274
4270,0.030504,0.000411,0.001042,0.002274
4280,0.027106,0.000578,0.001042,0.002274
4290,0.027312,0.000501,0.001042,0.002274
4300,0.030019,0.000742,0.001042,0.002274
4310,0.029310,0.000406,0.001042,0.002274
4320,0.027230,0.000449,0.001042,0.002274
4330,0.031281,0.000431,0.001042,0.002274
4340,0.026924,0.000411,0.001042,0.002274
4350,0.028708,0.000447,0.001042,0.002274
4360,0.031003,0.000409,0.001042,0.002274
4370,0.029570,0.000461,0.001042,0.002274
4380,0.027050,0.000449,0.001042,0.002274
4390,0.029214,0.000462,0.001042,0.002274
4400,0.028205,0.000414,0.001042,0.002274
4410,0.029393,0.000588,0.001042,0.002274
4420,0.030068,0.000471,0.001042,0.002274
4430,0.029486,0.000423,0.001042,0.002274
4440,0.028329,0.000424,0.001042,0.002274
4450,0.029857,0.000428,0.001042,0.002274
4460,0.031187,0.000425,0.001042,0.002274
4470,0.030394,0.000437,0.001042,0.002274
4480,0.033461,0.000495,0.001042,0.002274
4490,0.034617,0.000504,0.001042,0.002274
4500,0.029985,0.000465,0.001042,0.002274
4510,0.031112,0.000435,0.001042,0.002274
4520,0.031055,0.000439,0.001042,0.002274
4530,0.029063,0.000431,0.001042,0.002274
4540,0.031137,0.000439,0.001042,0.002274
4550,0.033679,0.000496,0.001042,0.002274
4560,0.031103,0.000487,0.001042,0.002274
4570,0.029477,0.000435,0.001042,0.002274
4580,0.032360,0.000486,0.001042,0.002274
4590,0.029992,0.000436,0.001042,0.002274
4600,0.031627,0.000441,0.001042,0.002274
4610,0.032053,0.000482,0.001042,0.002274
4620,0.033346,0.000487,0.001042,0.002274
4630,0.031488,0.000492,0.001042,0.002274
4640,0.032450,0.000523,0.001042,0.002274
4650,0.033829,0.000572,0.001042,0.002274
4660,0.033074,0.000540,0.001042,0.002274
4670,0.033137,0.000453,0.001042,0.002274
4680,0.030988,0.000459,0.001042,0.002274
4690,0.033706,0.000508,0.001042,0.002274
4700,0.030848,0.000458,0.001042,0.002274
4710,0.034994,0.000542,0.001042,0.002274
4720,0.032402,0.000541,0.001042,0.002274
4730,0.033769,0.000515,0.001042,0.002274
4740,0.033609,0.000599,0.001042,0.002274
4750,0.036681,0.000521,0.001042,0.002274
4760,0.034855,0.000501,0.001042,0.002274
4770,0.034215,0.000469,0.001042,0.002274
4780,0.034024,0.000540,0.001042,0.002274
4790,0.034792,0.000596,0.001042,0.002274
4800,0.034865,0.000534,0.001042,0.002274
4810,0.036529,0.000587,0.001042,0.002274
4820,0.034843,0.000481,0.001042,0.002274
4830,0.045994,0.000585,0.001042,0.002274
4840,0.034402,0.000507,0.001042,0.002274
4850,0.038318,0.000520,0.001042,0.002274
4860,0.035171,0.000509,0.001042,0.002274
4870,0.036495,0.000580,0.001042,0.002274
4880,0.037568,0.000522,0.001042,0.002274
4890,0.038117,0.000529,0.001042,0.002274
4900,0.038498,0.000569,0.001042,0.002274
4910,0.038039,0.000511,0.001042,0.002274
4920,0.039088,0.000716,0.001042,0.002274
4930,0.040542,0.000498,0.001042,0.002274
4940,0.039075,0.000651,0.001042,0.002274
4950,0.036826,0.000568,0.001042,0.002274
4960,0.036898,0.000489,0.001042,0.002274
4970,0.036701,0.000492,0.001042,0.002274
4980,0.036865,0.000552,0.001042,0.002274
4990,0.038157,0.000542,0.001042,0.002274
5000,0.038889,0.000546,0.001042,0.002274
5010,0.035899,0.000546,0.001042,0.002274
5020,0.038837,0.000553,0.001042,0.002274
5030,0.040056,0.000589,0.001042,0.002274
5040,0.039386,0.000579,0.001042,0.002274
5050,0.040893,0.000552,0.001042,0.002274
5060,0.039502,0.000501,0.001042,0.002274
5070,0.038493,0.000498,0.001042,0.002274
5080,0.039151,0.000513,0.001042,0.002274
5090,0.037973,0.000655,0.001042,0.002274
5100,0.039052,0.000586,0.001042,0.002274
5110,0.041327,0.000519,0.001042,0.002274
5120,0.042129,0.000562,0.001042,0.002274
5130,0.039853,0.000588,0.001042,0.002274
5140,0.042258,0.000599,0.001042,0.002274
5150,0.042425,0.000637,0.001042,0.002274
5160,0.040504,0.000527,0.001042,0.002274
5170,0.042594,0.000563,0.001042,0.002274
5180,0.044659,0.000562,0.001042,0.002274
5190,0.045493,0.000769,0.001042,0.002274
5200,0.047580,0.000513,0.001042,0.002274
5210,0.042589,0.000651,0.001042,0.002274
5220,0.042845,0.000700,0.001042,0.002274
5230,0.040185,0.000537,0.001042,0.002274
5240,0.041806,0.000535,0.001042,0.002274
5250,0.044057,0.000537,0.001042,0.002274
5260,0.042367,0.000542,0.001042,0.002274
5270,0.043412,0.000541,0.001042,0.002274
5280,0.044502,0.000570,0.001042,0.002274
5290,0.044196,0.000545,0.001042,0.002274
5300,0.040710,0.000544,0.001042,0.002274
5310,0.045226,0.000734,0.001042,0.002274
5320,0.045157,0.000587,0.001042,0.002274
5330,0.049973,0.000788,0.001042,0.002274
5340,0.045003,0.000588,0.001042,0.002274
5350,0.042210,0.000596,0.001042,0.002274
5360,0.043022,0.000600,0.001042,0.002274
5370,0.043178,0.000634,0.001042,0.002274
5380,0.044631,0.000675,0.001042,0.002274
5390,0.043028,0.000599,0.001042,0.002274
5400,0.043783,0.000627,0.001042,0.002274
5410,0.043995,0.000567,0.001042,0.002274
5420,0.046341,0.000543,0.001042,0.002274
5430,0.046540,0.000548,0.001042,0.002274
5440,0.045429,0.000633,0.001042,0.002274
5450,0.046890,0.000547,0.001042,0.002274
5460,0.044140,0.000575,0.001042,0.002274
5470,0.045338,0.000620,0.001042,0.002274
5480,0.046025,0.000670,0.001042,0.002274
5490,0.044555,0.000625,0.001042,0.002274
5500,0.049840,0.000722,0.001042,0.002274
5510,0.050725,0.000612,0.001042,0.002274
5520,0.048764,0.000590,0.001042,0.002274
5530,0.047816,0.000557,0.001042,0.002274
5540,0.045910,0.000561,0.001042,0.002274
5550,0.048984,0.000628,0.001042,0.002274
5560,0.046152,0.000558,0.001042,0.002274
5570,0.046386,0.000560,0.001042,0.002274
5580,0.048479,0.000692,0.001042,0.002274
5590,0.046618,0.000561,0.001042,0.002274
5600,0.045773,0.000586,0.001042,0.002274
5610,0.049539,0.000969,0.001042,0.002274
5620,0.048259,0.000568,0.001042,0.002274
5630,0.049658,0.000633,0.001042,0.002274
5640,0.047001,0.000606,0.001042,0.002274
5650,0.046658,0.000629,0.001042,0.002274
5660,0.046927,0.000761,0.001042,0.002274
5670,0.050348,0.000643,0.001042,0.002274
5680,0.049708,0.000581,0.001042,0.002274
5690,0.051467,0.000570,0.001042,0.002274
5700,0.050780,0.000575,0.001042,0.002274
5710,0.050227,0.000705,0.001042,0.002274
5720,0.050508,0.000783,0.001042,0.002274
5730,0.048089,0.000577,0.001042,0.002274
5740,0.050850,0.000580,0.001042,0.002274
5750,0.051211,0.001065,0.001042,0.002274
5760,0.049059,0.000675,0.001042,0.002274
5770,0.053708,0.000691,0.001042,0.002274
5780,0.049230,0.000579,0.001042,0.002274
5790,0.052159,0.000590,0.001042,0.002274
5800,0.049948,0.001020,0.001042,0.002274
5810,0.052732,0.000693,0.001042,0.002274
5820,0.050833,0.000586,0.001042,0.002274
5830,0.050081,0.000761,0.001042,0.002274
5840,0.052022,0.000660,0.001042,0.002274
5850,0.049418,0.000585,0.001042,0.002274
5860,0.053859,0.000849,0.001042,0.002274
5870,0.055669,0.000582,0.001042,0.002274
5880,0.051246,0.000602,0.001042,0.002274
5890,0.055389,0.000794,0.001042,0.002274
5900,0.049753,0.000586,0.001042,0.002274
5910,0.052577,0.000589,0.001042,0.002274
5920,0.056690,0.000658,0.001042,0.002274
5930,0.053808,0.000586,0.001042,0.002274
5940,0.053610,0.000839,0.001042,0.002274
5950,0.054063,0.000591,0.001042,0.002274
5960,0.052466,0.000662,0.001042,0.002274
5970,0.056895,0.000597,0.001042,0.002274
5980,0.054633,0.000736,0.001042,0.002274
5990,0.055591,0.000596,0.001042,0.002274
6000,0.056614,0.000694,0.001042,0.002274
6010,0.055357,0.000698,0.001042,0.002274
6020,0.057072,0.000652,0.001042,0.002274
6030,0.055326,0.000633,0.001042,0.002274
6040,0.054653,0.000596,0.001042,0.002274
6050,0.052376,0.000627,0.001042,0.002274
6060,0.058289,0.000662,0.001042,0.002274
6070,0.053731,0.000726,0.001042,0.002274
6080,0.056725,0.000596,0.001042,0.002274
6090,0.056188,0.000780,0.001042,0.002274
6100,0.055676,0.000632,0.001042,0.002274
6110,0.055508,0.000897,0.001042,0.002274
6120,0.057464,0.000643,0.001042,0.002274
6130,0.058739,0.000662,0.001042,0.002274
6140,0.058275,0.000731,0.001042,0.002274
6150,0.059178,0.000807,0.001042,0.002274
6160,0.063169,0.000710,0.001042,0.002274
6170,0.058565,0.000609,0.001042,0.002274
6180,0.060033,0.000668,0.001042,0.002274
6190,0.059952,0.000621,0.001042,0.002274
6200,0.059641,0.000884,0.001042,0.002274
6210,0.058050,0.000716,0.001042,0.002274
6220,0.058357,0.000719,0.001042,0.002274
6230,0.060318,0.000636,0.001042,0.002274
6240,0.058728,0.000765,0.001042,0.002274
6250,0.065862,0.000706,0.001042,0.002274
6260,0.056251,0.000618,0.001042,0.002274
6270,0.060885,0.000676,0.001042,0.002274
6280,0.059484,0.000728,0.001042,0.002274
6290,0.059400,0.000864,0.001042,0.002274
6300,0.064438,0.000849,0.001042,0.002274
6310,0.061052,0.000882,0.001042,0.002274
6320,0.059963,0.000708,0.001042,0.002274
6330,0.058588,0.000625,0.001042,0.002274
6340,0.060081,0.000647,0.001042,0.002274
6350,0.061279,0.000675,0.001042,0.002274
6360,0.057050,0.000632,0.001042,0.002274
6370,0.064127,0.000740,0.001042,0.002274
6380,0.063379,0.000698,0.001042,0.002274
6390,0.059785,0.000629,0.001042,0.002274
6400,0.061564,0.000704,0.001042,0.002274
6410,0.062216,0.000629,0.001042,0.002274
6420,0.060574,0.000668,0.001042,0.002274
6430,0.062589,0.000637,0.001042,0.002274
6440,0.063026,0.000806,0.001042,0.002274
6450,0.067272,0.000756,0.001042,0.002274
6460,0.062356,0.000642,0.001042,0.002274
6470,0.064064,0.000711,0.001042,0.002274
6480,0.061895,0.000707,0.001042,0.002274
6490,0.062732,0.000671,0.001042,0.002274
6500,0.062550,0.000647,0.001042,0.002274
6510,0.066416,0.000679,0.001042,0.002274
6520,0.062368,0.000976,0.001042,0.002274
6530,0.064711,0.000713,0.001042,0.002274
6540,0.065545,0.001191,0.001042,0.002274
6550,0.062439,0.000648,0.001042,0.002274
6560,0.066293,0.000764,0.001042,0.002274
6570,0.065573,0.000647,0.001042,0.002274
6580,0.067832,0.000652,0.001042,0.002274
6590,0.062973,0.000661,0.001042,0.002274
6600,0.069466,0.000654,0.001042,0.002274
6610,0.065026,0.000758,0.001042,0.002274
6620,0.065746,0.000772,0.001042,0.002274
6630,0.064332,0.000668,0.001042,0.002274
6640,0.067761,0.000654,0.001042,0.002274
6650,0.066448,0.000657,0.001042,0.002274
6660,0.067689,0.000656,0.001042,0.002274
6670,0.065812,0.000653,0.001042,0.002274
6680,0.067600,0.000728,0.001042,0.002274
6690,0.065021,0.000652,0.001042,0.002274
6700,0.067894,0.000663,0.001042,0.002274
6710,0.071170,0.000776,0.001042,0.002274
6720,0.069777,0.000783,0.001042,0.002274
6730,0.066965,0.000672,0.001042,0.002274
6740,0.071810,0.000844,0.001042,0.002274
6750,0.075332,0.000763,0.001042,0.002274
6760,0.069809,0.000761,0.001042,0.002274
6770,0.068192,0.000790,0.001042,0.002274
6780,0.070921,0.000790,0.001042,0.002274
6790,0.071743,0.000757,0.001042,0.002274
6800,0.070854,0.000874,0.001042,0.002274
6810,0.073150,0.001222,0.001042,0.002274
6820,0.072569,0.000825,0.001042,0.002274
6830,0.068695,0.000720,0.001042,0.002274
6840,0.070857,0.000681,0.001042,0.002274
6850,0.070712,0.000684,0.001042,0.002274
6860,0.072022,0.001253,0.001042,0.002274
6870,0.069890,0.000743,0.001042,0.002274
6880,0.073411,0.000802,0.001042,0.002274
6890,0.072097,0.000675,0.001042,0.002274
6900,0.069084,0.001243,0.001042,0.002274
6910,0.071467,0.000678,0.001042,0.002274
6920,0.070869,0.000758,0.001042,0.002274
6930,0.076225,0.000683,0.001042,0.002274
6940,0.072154,0.000736,0.001042,0.002274
6950,0.072585,0.000705,0.001042,0.002274
6960,0.074938,0.000803,0.001042,0.002274
6970,0.074608,0.000835,0.001042,0.002274
6980,0.072693,0.000770,0.001042,0.002274
6990,0.075335,0.000688,0.001042,0.002274
7000,0.074315,0.000717,0.001042,0.002274
7010,0.076333,0.000720,0.001042,0.002274
7020,0.073067,0.000752,0.001042,0.002274
7030,0.076784,0.000698,0.001042,0.002274
7040,0.080650,0.000816,0.001042,0.002274
7050,0.078010,0.000789,0.001042,0.002274
7060,0.079123,0.000687,0.001042,0.002274
7070,0.079923,0.000904,0.001042,0.002274
7080,0.081875,0.000836,0.001042,0.002274
7090,0.079147,0.000686,0.001042,0.002274
7100,0.073275,0.000867,0.001042,0.002274
7110,0.076417,0.001257,0.001042,0.002274
7120,0.079076,0.000684,0.001042,0.002274
7130,0.079911,0.000896,0.001042,0.002274
7140,0.077571,0.000756,0.001042,0.002274
7150,0.077644,0.000735,0.001042,0.002274
7160,0.079291,0.000766,0.001042,0.002274
7170,0.074767,0.000685,0.001042,0.002274
7180,0.078558,0.000688,0.001042,0.002274
7190,0.078546,0.000759,0.001042,0.002274
7200,0.078626,0.000702,0.001042,0.002274
7210,0.082885,0.000696,0.001042,0.002274
7220,0.079207,0.000763,0.001042,0.002274
7230,0.077580,0.000768,0.001042,0.002274
7240,0.081258,0.000707,0.001042,0.002274
7250,0.080244,0.000828,0.001042,0.002274
7260,0.083459,0.000702,0.001042,0.002274
7270,0.076879,0.000836,0.001042,0.002274
7280,0.079918,0.001341,0.001042,0.002274
7290,0.082897,0.000706,0.001042,0.002274
7300,0.080451,0.000739,0.001042,0.002274
7310,0.079127,0.000775,0.001042,0.002274
7320,0.078644,0.000778,0.001042,0.002274
7330,0.078148,0.000762,0.001042,0.002274
7340,0.082796,0.000717,0.001042,0.002274
7350,0.084024,0.000849,0.001042,0.002274
7360,0.078739,0.000764,0.001042,0.002274
7370,0.077579,0.000844,0.001042,0.002274
7380,0.083949,0.000718,0.001042,0.002274
7390,0.084239,0.000792,0.001042,0.002274
7400,0.080309,0.000719,0.001042,0.002274
7410,0.083832,0.000849,0.001042,0.002274
7420,0.081854,0.000761,0.001042,0.002274
7430,0.080212,0.000731,0.001042,0.002274
7440,0.090098,0.000769,0.001042,0.002274
7450,0.085443,0.000737,0.001042,0.002274
7460,0.081142,0.000728,0.001042,0.002274
7470,0.082428,0.000831,0.001042,0.002274
7480,0.084095,0.000856,0.001042,0.002274
7490,0.086081,0.000733,0.001042,0.002274
7500,0.085729,0.000831,0.001042,0.002274
7510,0.085828,0.000800,0.001042,0.002274
7520,0.085480,0.000731,0.001042,0.002274
7530,0.084853,0.000731,0.001042,0.002274
7540,0.083767,0.000728,0.001042,0.002274
7550,0.083922,0.000728,0.001042,0.002274
7560,0.085257,0.000763,0.001042,0.002274
7570,0.087392,0.000733,0.001042,0.002274
7580,0.091221,0.000768,0.001042,0.002274
7590,0.086473,0.000735,0.001042,0.002274
7600,0.084984,0.000910,0.001042,0.002274
7610,0.090439,0.000814,0.001042,0.002274
7620,0.089018,0.000826,0.001042,0.002274
7630,0.084332,0.000740,0.001042,0.002274
7640,0.090608,0.000816,0.001042,0.002274
7650,0.087876,0.000739,0.001042,0.002274
7660,0.091133,0.000762,0.001042,0.002274
7670,0.092430,0.000849,0.001042,0.002274
7680,0.088112,0.000738,0.001042,0.002274
7690,0.089518,0.001363,0.001042,0.002274
7700,0.088646,0.000745,0.001042,0.002274
7710,0.089505,0.000751,0.001042,0.002274
7720,0.086622,0.000886,0.001042,0.002274
7730,0.090890,0.001382,0.001042,0.002274
7740,0.090785,0.000807,0.001042,0.002274
7750,0.092615,0.000822,0.001042,0.002274
7760,0.094119,0.000868,0.001042,0.002274
7770,0.094715,0.000888,0.001042,0.002274
7780,0.094180,0.000898,0.001042,0.002274
7790,0.091240,0.000808,0.001042,0.002274
7800,0.095571,0.000753,0.001042,0.002274
7810,0.090731,0.000791,0.001042,0.002274
7820,0.091416,0.000783,0.001042,0.002274
7830,0.096732,0.000894,0.001042,0.002274
7840,0.095383,0.000830,0.001042,0.002274
7850,0.098407,0.000855,0.001042,0.002274
7860,0.091923,0.000769,0.001042,0.002274
7870,0.094622,0.000760,0.001042,0.002274
7880,0.090552,0.000757,0.001042,0.002274
7890,0.095018,0.000779,0.001042,0.002274
7900,0.096890,0.000886,0.001042,0.002274
7910,0.096881,0.000905,0.001042,0.002274
7920,0.098272,0.000914,0.001042,0.002274
7930,0.093380,0.000763,0.001042,0.002274
7940,0.090552,0.000760,0.001042,0.002274
7950,0.094677,0.000760,0.001042,0.002274
7960,0.097988,0.000827,0.001042,0.002274
7970,0.094034,0.001356,0.001042,0.002274
7980,0.094351,0.000760,0.001042,0.002274
7990,0.095484,0.000936,0.001042,0.002274
8000,0.096860,0.000849,0.001042,0.002274
8010,0.100819,0.000857,0.001042,0.002274
8020,0.099987,0.000887,0.001042,0.002274
8030,0.104763,0.001159,0.001042,0.002274
8040,0.101508,0.000852,0.001042,0.002274
8050,0.099891,0.000774,0.001042,0.002274
8060,0.096220,0.000778,0.001042,0.002274
8070,0.103973,0.000861,0.001042,0.002274
8080,0.101315,0.000913,0.001042,0.002274
8090,0.098161,0.000885,0.001042,0.002274
8100,0.097184,0.000775,0.001042,0.002274
8110,0.100037,0.000776,0.001042,0.002274
8120,0.097521,0.000781,0.001042,0.002274
8130,0.100941,0.000784,0.001042,0.002274
8140,0.103414,0.000778,0.001042,0.002274
8150,0.098181,0.000776,0.001042,0.002274
8160,0.097581,0.000862,0.001042,0.002274
8170,0.099794,0.000902,0.001042,0.002274
8180,0.099468,0.000775,0.001042,0.002274
8190,0.105049,0.000781,0.001042,0.002274
8200,0.104351,0.000854,0.001042,0.002274
8210,0.100554,0.000951,0.001042,0.002274
8220,0.103529,0.000782,0.001042,0.002274
8230,0.108360,0.001306,0.001042,0.002274
8240,0.099216,0.000811,0.001042,0.002274
8250,0.107341,0.000935,0.001042,0.002274
8260,0.098918,0.000797,0.001042,0.002274
8270,0.098830,0.000905,0.001042,0.002274
8280,0.098065,0.000828,0.001042,0.002274
8290,0.120450,0.000794,0.001042,0.002274
8300,0.101568,0.000796,0.001042,0.002274
8310,0.100297,0.000813,0.001042,0.002274
8320,0.101768,0.000802,0.001042,0.002274
8330,0.099732,0.000897,0.001042,0.002274
8340,0.105345,0.000856,0.001042,0.002274
8350,0.108998,0.000808,0.001042,0.002274
8360,0.102382,0.001001,0.001042,0.002274
8370,0.106201,0.000958,0.001042,0.002274
8380,0.105896,0.000819,0.001042,0.002274
8390,0.108835,0.000891,0.001042,0.002274
8400,0.107341,0.000865,0.001042,0.002274
8410,0.106651,0.000972,0.001042,0.002274
8420,0.111849,0.000825,0.001042,0.002274
8430,0.108170,0.001506,0.001042,0.002274
8440,0.105724,0.000822,0.001042,0.002274
8450,0.106635,0.000920,0.001042,0.002274
8460,0.106372,0.000824,0.001042,0.002274
8470,0.103861,0.000853,0.001042,0.002274
8480,0.107176,0.000830,0.001042,0.002274
8490,0.108750,0.000911,0.001042,0.002274
8500,0.106407,0.000848,0.001042,0.002274
8510,0.106207,0.000918,0.001042,0.002274
8520,0.110566,0.000998,0.001042,0.002274
8530,0.112590,0.000835,0.001042,0.002274
8540,0.107360,0.000858,0.001042,0.002274
8550,0.107963,0.000990,0.001042,0.002274
8560,0.108756,0.000875,0.001042,0.002274
8570,0.112968,0.000933,0.001042,0.002274
8580,0.107710,0.000928,0.001042,0.002274
8590,0.111122,0.000846,0.001042,0.002274
8600,0.117118,0.001553,0.001042,0.002274
8610,0.113122,0.001001,0.001042,0.002274
8620,0.124972,0.000900,0.001042,0.002274
8630,0.110472,0.000933,0.001042,0.002274
8640,0.110319,0.000845,0.001042,0.002274
8650,0.111170,0.000854,0.001042,0.002274
8660,0.114112,0.000847,0.001042,0.002274
8670,0.106879,0.000849,0.001042,0.002274
8680,0.114940,0.000981,0.001042,0.002274
8690,0.116599,0.000865,0.001042,0.002274
8700,0.112476,0.000973,0.001042,0.002274
8710,0.121250,0.000879,0.001042,0.002274
8720,0.117576,0.001013,0.001042,0.002274
8730,0.114500,0.000858,0.001042,0.002274
8740,0.110841,0.000863,0.001042,0.002274
8750,0.113458,0.000898,0.001042,0.002274
8760,0.117905,0.000866,0.001042,0.002274
8770,0.115871,0.001019,0.001042,0.002274
8780,0.114083,0.000902,0.001042,0.002274
8790,0.115334,0.000883,0.001042,0.002274
8800,0.112320,0.000913,0.001042,0.002274
8810,0.117210,0.000882,0.001042,0.002274
8820,0.119897,0.001076,0.001042,0.002274
8830,0.118830,0.000880,0.001042,0.002274
8840,0.117476,0.001082,0.001042,0.002274
8850,0.115129,0.000879,0.001042,0.002274
8860,0.121248,0.001016,0.001042,0.002274
8870,0.122669,0.000894,0.001042,0.002274
8880,0.120755,0.001074,0.001042,0.002274
8890,0.121684,0.001048,0.001042,0.002274
8900,0.116537,0.000892,0.001042,0.002274
8910,0.114309,0.001002,0.001042,0.002274
8920,0.119943,0.000895,0.001042,0.002274
8930,0.124428,0.001055,0.001042,0.002274
8940,0.120410,0.001007,0.001042,0.002274
8950,0.114898,0.000895,0.001042,0.002274
8960,0.125199,0.000894,0.001042,0.002274
8970,0.123658,0.000897,0.001042,0.002274
8980,0.118808,0.000910,0.001042,0.002274
8990,0.115992,0.000905,0.001042,0.002274
9000,0.116193,0.000897,0.001042,0.002274
9010,0.117263,0.000907,0.001042,0.002274
9020,0.121469,0.001045,0.001042,0.002274
9030,0.122011,0.000900,0.001042,0.002274
9040,0.130037,0.001136,0.001042,0.002274
9050,0.129906,0.000944,0.001042,0.002274
9060,0.117136,0.000975,0.001042,0.002274
9070,0.117357,0.000923,0.001042,0.002274
9080,0.121102,0.000910,0.001042,0.002274
9090,0.131264,0.001081,0.001042,0.002274
9100,0.125419,0.001044,0.001042,0.002274
9110,0.128431,0.000920,0.001042,0.002274
9120,0.126843,0.001019,0.001042,0.002274
9130,0.126279,0.000921,0.001042,0.002274
9140,0.123096,0.000922,0.001042,0.002274
9150,0.132208,0.000913,0.001042,0.002274
9160,0.127152,0.001015,0.001042,0.002274
9170,0.124538,0.000926,0.001042,0.002274
9180,0.122793,0.000957,0.001042,0.002274
9190,0.126786,0.000930,0.001042,0.002274
9200,0.123928,0.000926,0.001042,0.002274
9210,0.126075,0.001004,0.001042,0.002274
9220,0.124263,0.000917,0.001042,0.002274
9230,0.125259,0.000928,0.001042,0.002274
9240,0.125667,0.000925,0.001042,0.002274
9250,0.122980,0.000933,0.001042,0.002274
9260,0.131233,0.001140,0.001042,0.002274
9270,0.129375,0.000942,0.001042,0.002274
9280,0.126838,0.001040,0.001042,0.002274
9290,0.127884,0.001029,0.001042,0.002274
9300,0.126276,0.000941,0.001042,0.002274
9310,0.135365,0.000938,0.001042,0.002274
9320,0.133568,0.001077,0.001042,0.002274
9330,0.134612,0.001044,0.001042,0.002274
9340,0.133408,0.001051,0.001042,0.002274
9350,0.130871,0.000953,0.001042,0.002274
9360,0.140368,0.001254,0.001042,0.002274
9370,0.140333,0.001130,0.001042,0.002274
9380,0.137766,0.001144,0.001042,0.002274
9390,0.133460,0.001094,0.001042,0.002274
9400,0.131670,0.000969,0.001042,0.002274
9410,0.140723,0.001059,0.001042,0.002274
9420,0.132536,0.000960,0.001042,0.002274
9430,0.132706,0.000967,0.001042,0.002274
9440,0.130589,0.001776,0.001042,0.002274
9450,0.137851,0.001573,0.001042,0.002274
9460,0.137635,0.001131,0.001042,0.002274
9470,0.135940,0.000965,0.001042,0.002274
9480,0.145710,0.001000,0.001042,0.002274
9490,0.135778,0.001189,0.001042,0.002274
9500,0.133638,0.000975,0.001042,0.002274
9510,0.136338,0.000976,0.001042,0.002274
9520,0.141542,0.000986,0.001042,0.002274
9530,0.130144,0.000974,0.001042,0.002274
9540,0.136793,0.000980,0.001042,0.002274
9550,0.138969,0.001154,0.001042,0.002274
9560,0.141954,0.000984,0.001042,0.002274
9570,0.133833,0.001079,0.001042,0.002274
9580,0.141091,0.001165,0.001042,0.002274
9590,0.132346,0.000991,0.001042,0.002274
9600,0.137806,0.001645,0.001042,0.002274
9610,0.136579,0.000985,0.001042,0.002274
9620,0.135485,0.001092,0.001042,0.002274
9630,0.138561,0.001032,0.001042,0.002274
9640,0.142447,0.001020,0.001042,0.002274
9650,0.141494,0.001087,0.001042,0.002274
9660,0.145614,0.000988,0.001042,0.002274
9670,0.140308,0.001125,0.001042,0.002274
9680,0.146732,0.001208,0.001042,0.002274
9690,0.142987,0.000996,0.001042,0.002274
9700,0.147917,0.001174,0.001042,0.002274
9710,0.146788,0.001480,0.001042,0.002274
9720,0.143325,0.001186,0.001042,0.002274
9730,0.143627,0.000998,0.001042,0.002274
9740,0.136426,0.001008,0.001042,0.002274
9750,0.147982,0.001423,0.001042,0.002274
9760,0.153188,0.001006,0.001042,0.002274
9770,0.144400,0.001188,0.001042,0.002274
9780,0.144059,0.001578,0.001042,0.002274
9790,0.148724,0.001009,0.001042,0.002274
9800,0.139343,0.001009,0.001042,0.002274
9810,0.146859,0.001012,0.001042,0.002274
9820,0.148190,0.001385,0.001042,0.002274
9830,0.146133,0.001063,0.001042,0.002274
9840,0.138942,0.001042,0.001042,0.002274
9850,0.145719,0.001207,0.001042,0.002274
9860,0.151433,0.001240,0.001042,0.002274
9870,0.152102,0.001022,0.001042,0.002274
9880,0.138439,0.001017,0.001042,0.002274
9890,0.142871,0.001016,0.001042,0.002274
9900,0.146423,0.001111,0.001042,0.002274
9910,0.148905,0.001025,0.001042,0.002274
9920,0.147315,0.001267,0.001042,0.002274
9930,0.145775,0.001055,0.001042,0.002274
9940,0.149324,0.001031,0.001042,0.002274
9950,0.151209,0.001138,0.001042,0.002274
9960,0.145343,0.001158,0.001042,0.002274
9970,0.152825,0.001050,0.001042,0.002274
9980,0.155223,0.001029,0.001042,0.002274
9990,0.146392,0.001027,0.001042,0.002274
10000,0.145162,0.001083,0.001042,0.002274
